[model]
vmcoefficients = 0.00010894894894894906 40.9416051051051
serverlesscoefficients = 8.575575575575576e-05 17.44192442442442

