[model]
vmcoefficients = 0.00010894894894894881 40.941605105105104
serverlesscoefficients = 8.575575575575569e-05 17.441924424424425

