[model]
vmcoefficients = 0.000108948948948949 40.9416051051051
serverlesscoefficients = 8.57557557557557e-05 17.441924424424425

